id;comment;created_at;updated_at;created_by;updated_by
1;payment Hawaii Health;2022-12-25T22:06:13;2022-12-26T14:42:59;70527;71270
2;Unbranded transmitting Gorgeous;2022-12-26T03:14:29;2022-12-26T00:22:30;72468;24589
3;Operations Delaware South;2022-12-26T08:02:19;2022-12-26T02:22:36;19093;17060
4;Manager indigo synthesize;2022-12-26T01:53:58;2022-12-26T08:24:28;61429;12573
5;feed Road;2022-12-26T08:16:22;2022-12-26T09:31:02;27260;87403
6;eyeballs Horizontal;2022-12-26T14:47:34;2022-12-26T17:41:46;969;36156
7;JBOD Data Human;2022-12-26T00:34:55;2022-12-26T03:04:42;65052;3346
8;Cambridgeshire Mississippi Handcrafted;2022-12-26T03:42:56;2022-12-26T16:38:47;18496;67558
9;Ridges Concrete Liaison;2022-12-26T11:01:16;2022-12-26T08:15:48;13492;22036
10;Cotton recontextualize Operations;2022-12-26T11:16:21;2022-12-26T12:55:55;59760;97096
